100 358594.0 
200 357449.0 
300 356065.0 
400 355600.0 
500 355005.0 
600 353847.0 
700 353180.0 
800 351201.0 
900 350759.0 
1000 350752.0 
1100 350689.0 
1200 350029.0 
1300 346951.0 
1400 345636.0 
1500 345430.0 
1600 345168.0 
1700 344298.0 
1800 344147.0 
1900 344129.0 
2000 343343.0 
2100 341795.0 
2200 341505.0 
2300 341505.0 
2400 341505.0 
2500 341421.0 
2600 341277.0 
2700 339673.0 
2800 339673.0 
2900 339412.0 
3000 339411.0 
3100 339411.0 
3200 339411.0 
3300 339411.0 
3400 339397.0 
3500 339376.0 
3600 339123.0 
3700 339096.0 
3800 339059.0 
3900 338628.0 
4000 338628.0 
4100 338628.0 
4200 338628.0 
4300 338549.0 
4400 338531.0 
4500 338531.0 
4600 338531.0 
4700 338531.0 
4800 338531.0 
4900 338404.0 
5000 338360.0 
5100 338360.0 
5200 338212.0 
5300 337934.0 
5400 337754.0 
5500 337741.0 
5600 337741.0 
5700 337703.0 
5800 337452.0 
5900 337365.0 
6000 336395.0 
6100 336209.0 
6200 336206.0 
6300 335835.0 
6400 335824.0 
6500 335823.0 
6600 335823.0 
6700 335806.0 
6800 335775.0 
6900 335460.0 
7000 335443.0 
7100 334596.0 
7200 334455.0 
7300 334311.0 
7400 334295.0 
7500 334295.0 
7600 334295.0 
7700 334290.0 
7800 334290.0 
7900 334281.0 
8000 334270.0 
8100 334238.0 
8200 334238.0 
8300 334129.0 
8400 334111.0 
8500 334030.0 
8600 333811.0 
8700 333810.0 
8800 333807.0 
8900 333807.0 
9000 333807.0 
9100 333807.0 
9200 333807.0 
9300 333807.0 
9400 333807.0 
9500 333795.0 
9600 333794.0 
9700 333794.0 
9800 333794.0 
9900 333794.0 
10000 333794.0 
10100 333575.0 
10200 333563.0 
10300 333563.0 
10400 333563.0 
10500 333563.0 
10600 333563.0 
10700 333563.0 
10800 332929.0 
10900 332409.0 
11000 331577.0 
11100 331531.0 
11200 331531.0 
11300 330399.0 
11400 329820.0 
11500 329513.0 
11600 329513.0 
11700 329513.0 
11800 329513.0 
11900 329513.0 
12000 329513.0 
12100 329513.0 
12200 329513.0 
12300 329513.0 
12400 329512.0 
12500 329188.0 
12600 329025.0 
12700 329025.0 
12800 329025.0 
12900 329025.0 
13000 328989.0 
13100 328989.0 
13200 328989.0 
13300 328989.0 
13400 328989.0 
13500 328989.0 
13600 328962.0 
13700 328239.0 
13800 328175.0 
13900 328175.0 
14000 328171.0 
14100 328171.0 
14200 328169.0 
14300 328169.0 
14400 328169.0 
14500 328169.0 
14600 328169.0 
14700 327585.0 
14800 327504.0 
14900 327504.0 
15000 327504.0 
15100 327504.0 
15200 327504.0 
15300 327504.0 
15400 327486.0 
15500 327486.0 
15600 327486.0 
15700 327486.0 
15800 327188.0 
15900 326868.0 
16000 326860.0 
16100 326706.0 
16200 326706.0 
16300 326706.0 
16400 326706.0 
16500 326658.0 
16600 326658.0 
16700 326658.0 
16800 326658.0 
16900 326658.0 
17000 326658.0 
17100 326658.0 
17200 326658.0 
17300 326593.0 
17400 326576.0 
17500 325873.0 
17600 325764.0 
17700 325764.0 
17800 325764.0 
17900 324716.0 
18000 324580.0 
18100 324575.0 
18200 324558.0 
18300 324558.0 
18400 324509.0 
18500 324509.0 
18600 324509.0 
18700 324509.0 
18800 324509.0 
18900 324509.0 
19000 324452.0 
19100 324452.0 
19200 324452.0 
19300 324452.0 
19400 324452.0 
19500 324452.0 
19600 324452.0 
19700 324452.0 
19800 324452.0 
19900 324452.0 
20000 324452.0 
20100 324452.0 
20200 324452.0 
20300 324452.0 
20400 324452.0 
20500 324452.0 
20600 324452.0 
20700 324452.0 
20800 324452.0 
20900 324452.0 
21000 324433.0 
21100 324433.0 
21200 324433.0 
21300 324433.0 
21400 324390.0 
21500 324263.0 
21600 324263.0 
21700 324263.0 
21800 324236.0 
21900 324236.0 
22000 324236.0 
22100 324236.0 
22200 324236.0 
22300 324236.0 
22400 324227.0 
22500 323912.0 
22600 323912.0 
22700 323912.0 
22800 323885.0 
22900 323885.0 
23000 323885.0 
23100 323885.0 
23200 323885.0 
23300 323885.0 
23400 323885.0 
23500 323885.0 
23600 323885.0 
23700 323885.0 
23800 323885.0 
23900 323885.0 
24000 323885.0 
24100 323885.0 
24200 323885.0 
24300 323885.0 
24400 323885.0 
24500 323885.0 
24600 323885.0 
24700 323885.0 
24800 323885.0 
24900 323885.0 
25000 323885.0 
25100 323885.0 
25200 323885.0 
25300 323885.0 
25400 323885.0 
25500 323885.0 
25600 323885.0 
25700 323885.0 
25800 323885.0 
25900 323885.0 
26000 323885.0 
26100 323885.0 
26200 323885.0 
26300 323885.0 
26400 323885.0 
26500 323885.0 
26600 323885.0 
26700 323885.0 
26800 323885.0 
26900 323885.0 
27000 323885.0 
27100 323885.0 
27200 323885.0 
27300 323885.0 
27400 323885.0 
27500 323877.0 
27600 323743.0 
27700 323743.0 
27800 323709.0 
27900 323709.0 
28000 323709.0 
28100 323678.0 
28200 323678.0 
28300 323678.0 
28400 323678.0 
28500 323678.0 
28600 323678.0 
28700 323678.0 
28800 323678.0 
28900 323678.0 
29000 323665.0 
29100 323665.0 
29200 323627.0 
29300 323627.0 
29400 323627.0 
29500 323627.0 
29600 323627.0 
29700 323627.0 
29800 323627.0 
29900 323627.0 
30000 323627.0 
30100 323627.0 
30200 323627.0 
30300 323627.0 
30400 323627.0 
30500 323360.0 
30600 323323.0 
30700 323323.0 
30800 323323.0 
30900 323323.0 
31000 323323.0 
31100 323316.0 
31200 323311.0 
31300 323307.0 
31400 323307.0 
31500 323307.0 
31600 323307.0 
31700 323307.0 
31800 323307.0 
31900 323307.0 
32000 323307.0 
32100 323307.0 
32200 323277.0 
32300 323277.0 
32400 323277.0 
32500 323277.0 
32600 323277.0 
32700 323277.0 
32800 323277.0 
32900 323269.0 
33000 323269.0 
33100 323269.0 
33200 323269.0 
33300 323269.0 
33400 323269.0 
33500 323232.0 
33600 322961.0 
33700 322961.0 
33800 322961.0 
33900 322961.0 
34000 322927.0 
34100 322927.0 
34200 322763.0 
34300 322758.0 
34400 322758.0 
34500 322758.0 
34600 322758.0 
34700 322758.0 
34800 322758.0 
34900 322758.0 
35000 322758.0 
35100 322758.0 
35200 322758.0 
35300 322758.0 
35400 322758.0 
35500 322758.0 
35600 322758.0 
35700 322740.0 
35800 322740.0 
35900 322718.0 
36000 322671.0 
36100 322671.0 
36200 322671.0 
36300 322671.0 
36400 322671.0 
36500 322671.0 
36600 322671.0 
36700 322671.0 
36800 322671.0 
36900 322671.0 
37000 322671.0 
37100 322671.0 
37200 322671.0 
37300 322671.0 
37400 322671.0 
37500 322671.0 
37600 322671.0 
37700 322671.0 
37800 322671.0 
37900 322671.0 
38000 322671.0 
38100 322671.0 
38200 322671.0 
38300 322671.0 
38400 322671.0 
38500 322671.0 
38600 322671.0 
38700 322671.0 
38800 322671.0 
38900 322671.0 
39000 322671.0 
39100 322671.0 
39200 322671.0 
39300 322671.0 
39400 322671.0 
39500 322671.0 
39600 322671.0 
39700 322671.0 
39800 322671.0 
39900 322671.0 
40000 322671.0 
40100 322671.0 
40200 322671.0 
40300 322671.0 
40400 322671.0 
40500 322671.0 
40600 322671.0 
40700 322671.0 
40800 322671.0 
40900 322671.0 
41000 322551.0 
41100 322551.0 
41200 322515.0 
41300 322515.0 
41400 322515.0 
41500 322515.0 
41600 322515.0 
41700 322515.0 
41800 322515.0 
41900 322515.0 
42000 322515.0 
42100 322515.0 
42200 322515.0 
42300 322515.0 
42400 322515.0 
42500 322515.0 
42600 322515.0 
42700 322470.0 
42800 322451.0 
42900 322435.0 
43000 322435.0 
43100 322401.0 
43200 322401.0 
43300 322401.0 
43400 322401.0 
43500 322401.0 
43600 322401.0 
43700 322401.0 
43800 322401.0 
43900 322401.0 
44000 322401.0 
44100 322401.0 
44200 322401.0 
44300 322401.0 
44400 322401.0 
44500 322394.0 
44600 322394.0 
44700 322394.0 
44800 322394.0 
44900 322384.0 
45000 322384.0 
45100 322384.0 
45200 322281.0 
45300 322204.0 
45400 322089.0 
45500 322072.0 
45600 322072.0 
45700 322061.0 
45800 322055.0 
45900 322035.0 
46000 321262.0 
46100 321262.0 
46200 321262.0 
46300 321262.0 
46400 321262.0 
46500 321262.0 
46600 321252.0 
46700 321236.0 
46800 321236.0 
46900 321236.0 
47000 321236.0 
47100 321236.0 
47200 321236.0 
47300 321102.0 
47400 321057.0 
47500 320956.0 
47600 320956.0 
47700 320956.0 
47800 320952.0 
47900 320952.0 
48000 320952.0 
48100 320952.0 
48200 320952.0 
48300 320952.0 
48400 320952.0 
48500 320952.0 
48600 320952.0 
48700 320952.0 
48800 320952.0 
48900 320952.0 
49000 320952.0 
49100 320952.0 
49200 320934.0 
49300 320934.0 
49400 320934.0 
49500 320934.0 
49600 320934.0 
49700 320934.0 
49800 320934.0 
49900 320934.0 
50000 320934.0 
50100 320934.0 
50200 320934.0 
50300 320934.0 
50400 320934.0 
50500 320934.0 
50600 320934.0 
50700 320934.0 
50800 320934.0 
50900 320934.0 
51000 320934.0 
51100 320934.0 
51200 320934.0 
51300 320934.0 
51400 320934.0 
51500 320934.0 
51600 320934.0 
51700 320934.0 
51800 320934.0 
51900 320934.0 
52000 320934.0 
52100 320934.0 
52200 320934.0 
52300 320934.0 
52400 320934.0 
52500 320934.0 
52600 320934.0 
52700 320934.0 
52800 320934.0 
52900 320934.0 
53000 320934.0 
53100 320934.0 
53200 320934.0 
53300 320934.0 
53400 320934.0 
53500 320934.0 
53600 320934.0 
53700 320934.0 
53800 320934.0 
53900 320934.0 
54000 320934.0 
54100 320934.0 
54200 320934.0 
54300 320934.0 
54400 320934.0 
54500 320934.0 
54600 320934.0 
54700 320934.0 
54800 320934.0 
54900 320934.0 
55000 320934.0 
55100 320934.0 
55200 320934.0 
55300 320934.0 
55400 320934.0 
55500 320934.0 
55600 320934.0 
55700 320934.0 
55800 320934.0 
55900 320934.0 
56000 320934.0 
56100 320934.0 
56200 320934.0 
56300 320934.0 
56400 320934.0 
56500 320934.0 
56600 320934.0 
56700 320934.0 
56800 320934.0 
56900 320934.0 
57000 320934.0 
57100 320934.0 
57200 320934.0 
57300 320934.0 
57400 320934.0 
57500 320934.0 
57600 320934.0 
57700 320934.0 
57800 320934.0 
57900 320934.0 
58000 320934.0 
58100 320934.0 
58200 320934.0 
58300 320934.0 
58400 320934.0 
58500 320934.0 
58600 320934.0 
58700 320934.0 
58800 320934.0 
58900 320934.0 
59000 320934.0 
59100 320934.0 
59200 320934.0 
59300 320934.0 
59400 320934.0 
59500 320934.0 
59600 320934.0 
59700 320934.0 
59800 320934.0 
59900 320934.0 
60000 320934.0 
60100 320934.0 
60200 320934.0 
60300 320934.0 
60400 320934.0 
60500 320934.0 
60600 320934.0 
60700 320934.0 
60800 320934.0 
60900 320934.0 
61000 320934.0 
61100 320934.0 
61200 320934.0 
61300 320934.0 
61400 320934.0 
61500 320934.0 
61600 320934.0 
61700 320934.0 
61800 320934.0 
61900 320934.0 
62000 320934.0 
62100 320934.0 
62200 320934.0 
62300 320934.0 
62400 320934.0 
62500 320934.0 
62600 320934.0 
62700 320934.0 
62800 320934.0 
62900 320934.0 
63000 320934.0 
63100 320934.0 
63200 320934.0 
63300 320934.0 
63400 320934.0 
63500 320934.0 
63600 320759.0 
63700 320759.0 
63800 320759.0 
63900 320759.0 
64000 320759.0 
64100 320759.0 
64200 320759.0 
64300 320759.0 
64400 320759.0 
64500 320759.0 
64600 320759.0 
64700 320759.0 
64800 320759.0 
64900 320658.0 
65000 320658.0 
65100 320658.0 
65200 320634.0 
65300 320634.0 
65400 320634.0 
65500 320634.0 
65600 320634.0 
65700 320634.0 
65800 320634.0 
65900 320634.0 
66000 320634.0 
66100 320634.0 
66200 320634.0 
66300 320634.0 
66400 320634.0 
66500 320634.0 
66600 320634.0 
66700 320634.0 
66800 320634.0 
66900 320634.0 
67000 320634.0 
67100 320634.0 
67200 320634.0 
67300 320634.0 
67400 320634.0 
67500 320634.0 
67600 320634.0 
67700 320634.0 
67800 320634.0 
67900 320634.0 
68000 320634.0 
68100 320634.0 
68200 320634.0 
68300 320634.0 
68400 320634.0 
68500 320634.0 
68600 320634.0 
68700 320634.0 
68800 320634.0 
68900 320634.0 
69000 320634.0 
69100 320634.0 
69200 320634.0 
69300 320634.0 
69400 320634.0 
69500 320634.0 
69600 320634.0 
69700 320634.0 
69800 320634.0 
69900 320634.0 
70000 320402.0 
70100 320402.0 
70200 320068.0 
70300 320068.0 
70400 320068.0 
70500 320068.0 
70600 320068.0 
70700 320068.0 
70800 320068.0 
70900 320068.0 
71000 320068.0 
71100 320068.0 
71200 319958.0 
71300 319958.0 
71400 319958.0 
71500 319958.0 
71600 319958.0 
71700 319958.0 
71800 319958.0 
71900 319958.0 
72000 319958.0 
72100 319958.0 
72200 319958.0 
72300 319958.0 
72400 319958.0 
72500 319958.0 
72600 319958.0 
72700 319958.0 
72800 319958.0 
72900 319958.0 
73000 319958.0 
73100 319958.0 
73200 319958.0 
73300 319958.0 
73400 319958.0 
73500 319958.0 
73600 319958.0 
73700 319958.0 
73800 319956.0 
73900 319956.0 
74000 319952.0 
74100 319952.0 
74200 319952.0 
74300 319952.0 
74400 319952.0 
74500 319952.0 
74600 319750.0 
74700 319750.0 
74800 319743.0 
74900 319743.0 
75000 319741.0 
75100 319732.0 
75200 319732.0 
75300 319732.0 
75400 319713.0 
75500 319713.0 
75600 319713.0 
75700 319713.0 
75800 319713.0 
75900 319713.0 
76000 319713.0 
76100 319713.0 
76200 319713.0 
76300 319713.0 
76400 319713.0 
76500 319713.0 
76600 319713.0 
76700 319713.0 
76800 319713.0 
76900 319713.0 
77000 319713.0 
77100 319713.0 
77200 319713.0 
77300 319713.0 
77400 319713.0 
77500 319713.0 
77600 319713.0 
77700 319713.0 
77800 319713.0 
77900 319713.0 
78000 319713.0 
78100 319713.0 
78200 319713.0 
78300 319713.0 
78400 319713.0 
78500 319713.0 
78600 319713.0 
78700 319713.0 
78800 319713.0 
78900 319713.0 
79000 319713.0 
79100 319713.0 
79200 319713.0 
79300 319713.0 
79400 319713.0 
79500 319713.0 
79600 319713.0 
79700 319713.0 
79800 319713.0 
79900 319713.0 
80000 319713.0 
80100 319713.0 
80200 319713.0 
80300 319713.0 
80400 319713.0 
80500 319713.0 
80600 319713.0 
80700 319713.0 
80800 319713.0 
80900 319713.0 
81000 319713.0 
81100 319713.0 
81200 319713.0 
81300 319713.0 
81400 319713.0 
81500 319713.0 
81600 319713.0 
81700 319713.0 
81800 319713.0 
81900 319713.0 
82000 319713.0 
82100 319713.0 
82200 319713.0 
82300 319713.0 
82400 319713.0 
82500 319713.0 
82600 319713.0 
82700 319713.0 
82800 319713.0 
82900 319713.0 
83000 319713.0 
83100 319713.0 
83200 319713.0 
83300 319713.0 
83400 319713.0 
83500 319713.0 
83600 319713.0 
83700 319713.0 
83800 319713.0 
83900 319713.0 
84000 319713.0 
84100 319713.0 
84200 319713.0 
84300 319713.0 
84400 319713.0 
84500 319713.0 
84600 319713.0 
84700 319713.0 
84800 319713.0 
84900 319713.0 
85000 319713.0 
85100 319713.0 
85200 319713.0 
85300 319713.0 
85400 319713.0 
85500 319713.0 
85600 319713.0 
85700 319713.0 
85800 319713.0 
85900 319713.0 
86000 319713.0 
86100 319713.0 
86200 319713.0 
86300 319713.0 
86400 319713.0 
86500 319713.0 
86600 319713.0 
86700 319713.0 
86800 319713.0 
86900 319713.0 
87000 319713.0 
87100 319713.0 
87200 319713.0 
87300 319713.0 
87400 319713.0 
87500 319713.0 
87600 319713.0 
87700 319713.0 
87800 319713.0 
87900 319713.0 
88000 319713.0 
88100 319713.0 
88200 319713.0 
88300 319713.0 
88400 319713.0 
88500 319713.0 
88600 319713.0 
88700 319713.0 
88800 319713.0 
88900 319713.0 
89000 319713.0 
89100 319713.0 
89200 319713.0 
89300 319713.0 
89400 319713.0 
89500 319713.0 
89600 319713.0 
89700 319713.0 
89800 319713.0 
89900 319713.0 
90000 319713.0 
90100 319713.0 
90200 319713.0 
90300 319713.0 
90400 319713.0 
90500 319713.0 
90600 319713.0 
90700 319713.0 
90800 319713.0 
90900 319713.0 
91000 319713.0 
91100 319713.0 
91200 319713.0 
91300 319713.0 
91400 319713.0 
91500 319713.0 
91600 319713.0 
91700 319713.0 
91800 319713.0 
91900 319713.0 
92000 319713.0 
92100 319713.0 
92200 319713.0 
92300 319713.0 
92400 319713.0 
92500 319713.0 
92600 319713.0 
92700 319713.0 
92800 319713.0 
92900 319713.0 
93000 319713.0 
93100 319713.0 
93200 319713.0 
93300 319713.0 
93400 319713.0 
93500 319713.0 
93600 319713.0 
93700 319713.0 
93800 319713.0 
93900 319713.0 
94000 319713.0 
94100 319713.0 
94200 319713.0 
94300 319713.0 
94400 319713.0 
94500 319713.0 
94600 319713.0 
94700 319713.0 
94800 319713.0 
94900 319713.0 
95000 319713.0 
95100 319713.0 
95200 319713.0 
95300 319713.0 
95400 319713.0 
95500 319713.0 
95600 319674.0 
95700 319667.0 
95800 319627.0 
95900 319627.0 
96000 319627.0 
96100 319627.0 
96200 319610.0 
96300 319610.0 
96400 319610.0 
96500 319610.0 
96600 319610.0 
96700 319479.0 
96800 319479.0 
96900 319479.0 
97000 319479.0 
97100 319479.0 
97200 319479.0 
97300 319460.0 
97400 319460.0 
97500 319454.0 
97600 319454.0 
97700 319454.0 
97800 319454.0 
97900 319454.0 
98000 319454.0 
98100 319454.0 
98200 319454.0 
98300 319454.0 
98400 319454.0 
98500 319454.0 
98600 319454.0 
98700 319454.0 
98800 319454.0 
98900 319454.0 
99000 319454.0 
99100 319454.0 
99200 319454.0 
99300 319454.0 
99400 319454.0 
99500 319454.0 
99600 319454.0 
99700 319454.0 
99800 319454.0 
99900 319454.0 
100000 319454.0 
319454.0147793897 0
0 1782 398 793 1020 1700 1728 436 375 1458 1667 1628 1415 1414 1413 1412 1411 1410 1409 1408 1407 1406 1405 1404 660 631 770 314 1598 1641 1640 1056 1639 1638 1637 386 419 966 965 964 963 962 730 313 769 630 659 1510 1427 1258 1814 729 1121 1534 1337 1324 1231 1828 94 953 59 1531 1624 1633 1077 1012 83 1612 97 96 1737 1498 9 65 1499 1738 75 76 1613 53 1078 1625 954 1636 1621 1013 451 377 688 1496 1495 18 17 1118 1305 275 1515 110 864 1492 247 1394 1393 243 1392 1391 1390 1389 242 1388 1387 100 745 743 856 1386 1385 1295 1201 1227 1226 947 1809 99 98 1326 1691 1857 996 1300 63 1066 742 1067 241 1375 1376 240 1788 1302 1069 1068 1377 1378 1301 997 1379 1380 1327 1381 1382 1383 1384 948 1228 777 1296 1297 101 114 1803 1807 1806 1805 113 851 698 816 382 1371 1395 236 1396 245 1397 246 1398 585 1399 1609 1004 1005 1006 1007 1614 1526 1527 1528 684 1698 469 186 608 955 956 957 958 959 960 961 126 159 446 1535 609 225 160 251 1511 1259 704 1233 1830 719 61 45 1635 1620 1697 89 364 1232 1829 92 1699 60 87 1634 1619 1072 1525 44 1002 1607 10 15 1306 1400 33 1516 820 819 1493 91 716 1372 106 1543 105 111 1804 115 102 104 1298 64 788 184 177 465 492 809 566 297 125 434 802 799 349 222 509 361 796 137 440 206 153 741 411 239 403 807 998 207 138 999 1694 1693 1692 1328 1329 1330 1331 1202 651 116 1203 1825 1604 949 118 123 362 797 510 139 441 208 908 1695 1858 1000 907 1810 1789 1070 906 909 905 910 911 1071 1790 1811 912 1001 1859 1696 1537 1538 945 1332 1333 1204 913 1539 1540 1541 1334 1542 281 822 1373 179 12 1494 823 1517 1595 826 211 432 1808 1003 1608 11 16 1307 1401 14 13 560 180 1214 1213 1212 1211 1210 1209 1208 1207 1206 1205 223 800 122 803 350 298 435 493 466 567 185 178 789 810 792 805 636 814 204 756 778 857 829 746 852 842 786 699 428 780 838 848 817 757 280 383 853 863 237 943 867 759 422 268 774 821 276 584 294 825 754 811 248 210 468 269 772 562 559 301 564 689 455 675 431 140 378 277 452 680 154 639 645 305 311 312 617 685 363 634 637 470 187 220 717 610 226 279 473 161 447 253 320 475 273 531 195 212 127 317 315 420 520 479 408 387 148 344 471 214 970 1050 1308 1309 1310 1311 213 1312 1313 1314 1315 1316 1317 1271 1270 1269 1268 1267 1266 194 1265 1264 1263 1262 1049 969 196 1261 476 1654 254 252 720 782 1536 1122 1815 1260 968 1048 1831 1777 1877 721 783 1601 705 1590 1726 1651 20 90 706 1605 300 1658 1501 1657 1656 1648 1647 1589 316 1600 1646 1645 1047 1644 967 407 162 318 1046 541 1599 393 731 1653 547 372 19 1617 1616 1416 384 444 661 308 502 448 437 258 923 1729 1701 751 480 215 255 181 1021 1252 1253 385 546 548 1794 1834 1783 1732 881 50 1750 1867 1745 1734 1784 1835 1839 485 1733 1744 1743 1742 1741 1885 1291 1160 1740 1739 1022 1216 1702 1730 112 1459 1629 784 1417 722 1418 1675 1272 1273 1274 1275 1276 1277 1278 1279 1280 1281 1282 1283 1284 1217 1023 1285 1286 1287 1161 1162 1163 1164 1165 1166 1167 1168 197 165 1169 1170 166 198 199 1171 167 1172 1173 1174 1175 1176 1177 168 1179 1862 1706 1846 1823 1822 1821 1820 1819 462 512 1751 626 922 51 921 624 1746 511 461 1818 1524 108 1761 1785 1786 415 263 142 193 216 182 256 481 752 607 524 365 427 401 374 606 732 924 259 438 449 503 309 662 445 723 354 249 456 477 272 734 394 544 595 707 335 303 338 328 250 334 299 474 686 337 336 304 333 271 472 568 794 323 319 373 1591 836 1602 1051 388 1765 1766 1767 1603 1592 1652 1768 1502 1666 1420 1615 1665 1769 1419 1676 1770 1630 1460 1771 1731 1014 389 1015 1016 145 1024 1025 1026 1027 1028 1029 1030 1031 1032 1033 1034 143 1035 831 1747 834 119 835 832 1880 833 569 542 144 1036 1037 1038 1039 1883 1707 1847 1180 1234 1235 1236 1237 1238 188 683 278 1239 1240 1241 1242 1243 920 1370 1884 571 572 442 1689 443 670 672 671 1244 1245 1246 1063 1247 1044 1248 1249 598 860 847 577 174 1250 191 190 827 1843 979 985 1661 828 992 2 1773 48 940 899 701 738 622 458 390 551 133 691 934 327 587 130 352 927 346 330 533 292 322 380 530 494 556 129 733 925 513 504 489 487 628 523 929 540 538 844 735 201 726 620 724 175 1194 1193 1192 1043 1191 1062 1190 1189 1188 1187 1186 170 1185 169 1184 1183 1182 1181 171 1178 200 1705 1861 1842 613 1802 35 605 582 525 234 579 919 763 709 405 654 358 677 482 904 916 669 573 766 901 150 592 217 614 897 873 648 146 498 230 496 870 862 633 370 173 576 846 859 597 189 711 695 1061 1322 1042 1360 1721 1720 1719 1718 1717 23 82 1687 107 29 1367 67 1872 31 233 1686 81 1060 38 1321 25 1059 37 1320 1040 1850 499 1041 1586 1197 1587 1588 978 1655 505 991 1 1772 1774 1855 984 1852 1292 1196 1362 1849 43 1319 36 1058 24 52 1685 73 72 28 1366 1871 30 915 903 902 914 1668 1669 341 1672 676 890 1483 260 1482 1481 1480 1479 1478 1477 1488 1759 1758 1757 1756 1755 1754 1753 1752 1748 409 1793 1289 1428 1429 1430 1431 1432 1433 1434 1435 1436 1437 1438 1439 1440 1441 1442 1443 1444 1445 1446 1447 1448 1449 1450 1451 1452 1453 1454 1455 1484 1671 1875 534 667 668 1791 1683 1837 535 1876 1365 526 1870 642 1864 655 262 516 343 653 643 591 895 872 581 764 54 1792 1684 483 1838 55 56 1057 593 1323 529 1045 1848 1361 1723 1195 976 1293 95 977 983 986 989 990 993 392 939 700 737 515 621 457 135 550 690 933 507 589 326 132 351 926 345 497 532 329 982 1674 325 1660 988 1854 121 88 938 1863 994 692 1816 1817 1775 460 740 703 459 739 623 391 702 552 514 134 693 932 506 131 588 324 353 347 332 980 937 331 931 1853 987 1659 930 601 1868 39 1199 599 713 696 1722 714 712 600 521 1251 1198 1869 975 1662 120 981 1845 321 379 490 488 898 128 522 944 928 736 537 725 843 578 172 192 596 202 727 710 371 694 845 619 231 500 147 539 528 615 858 218 291 594 149 767 574 861 627 484 357 404 869 708 536 765 632 580 871 583 527 232 646 894 590 641 652 342 517 261 604 900 257 1677 1678 1679 1457 1670 1680 355 1364 1681 356 1682 359 406 151 1585 290 1064 1584 1583 1582 1581 1580 1579 289 1578 1363 288 1577 1576 1456 1575 1574 1573 1572 1571 287 1486 1570 1569 1568 1567 1566 1565 1564 1563 1562 1561 1560 1559 1558 1224 1557 1556 1555 1158 1254 1288 1727 1781 1874 1225 1840 1844 1776 1836 1735 1888 1865 49 84 46 1851 74 66 40 5 1487 85 86 775 575 495 463 682 936 718 917 266 543 425 941 570 555 603 889 640 874 656 501 884 618 878 625 891 518 875 549 681 486 1223 1222 1221 1220 1219 1218 1157 1156 1155 1154 1153 1018 1152 1151 1150 1149 1519 1626 1506 80 1606 1423 1663 1778 1642 1593 1724 1886 1402 1878 1596 1649 1128 1129 1130 1131 1132 1133 1134 1135 1136 1137 1138 1139 1140 1141 1142 1143 1144 1145 1146 1147 1148 1318 1358 1357 1356 1355 1354 1353 1352 1351 1350 1349 1348 1347 1346 1345 1344 1343 1342 1341 1340 1339 1338 1102 1103 1104 1105 1106 1107 1108 1109 1110 1111 1112 1113 1114 1017 1359 1554 1553 1552 1518 1551 1505 1550 1549 1422 1548 1504 1547 1101 1100 1099 1098 1097 1096 1095 1094 1052 397 396 413 414 418 417 228 229 1053 164 1127 163 1126 749 1762 750 1054 666 665 1795 1123 1508 1425 1256 1812 664 748 1119 1532 1335 41 1229 1826 79 951 57 1529 1622 1631 1075 1010 376 430 674 663 812 781 302 450 629 678 768 760 141 155 310 306 747 224 227 416 412 395 1086 1087 1088 1089 1090 1091 157 1092 400 1093 286 285 399 156 1085 1084 1083 1082 1081 950 1080 1079 1073 1008 1074 1009 1610 1780 1779 1736 1497 673 453 1117 1514 109 868 1491 1490 557 7 1513 1116 1304 8 972 973 974 971 1303 1115 1512 1546 284 1489 1545 1544 282 840 839 103 790 71 1294 1200 649 946 295 117 1325 1690 1856 995 1299 1787 62 1065 1374 410 238 152 635 806 491 402 439 205 136 508 795 360 221 348 798 801 433 464 124 296 183 565 808 787 176 855 203 804 650 813 755 942 791 850 776 744 785 841 697 779 830 837 815 715 818 381 849 429 244 235 283 758 866 854 421 267 773 865 274 563 158 586 293 824 753 616 644 209 467 658 771 561 728 638 558 270 687 454 77 78 1611 679 1011 1076 1632 1623 1530 58 952 93 1827 1230 219 42 1336 1533 1120 761 1813 1257 1426 1509 1124 1796 478 762 1763 1832 519 1125 1797 1833 1764 1673 47 1055 1650 1597 1879 1403 1887 1725 1594 1643 1500 1503 1618 1664 1421 1424 545 1760 1507 1627 1520 307 1521 1522 1523 1461 1462 1215 1019 1255 1159 1290 1463 1464 1465 1466 1467 1468 1469 1470 1471 1472 1473 1474 1475 1476 657 602 340 339 366 367 265 1485 264 423 424 1798 935 1703 1799 1800 426 918 1708 1709 1710 368 1711 1712 1713 1714 1715 1368 369 1716 1688 70 69 647 896 1369 68 1873 32 34 1801 1841 1860 1704 1824 27 1882 22 893 880 612 611 879 892 885 886 883 882 876 877 21 26 1881 6 888 887 554 4 553 1749 3 1866
